  0.0000000e+000  4.4642857e-003  4.4543096e-003
  2.0000000e+000  8.6330935e-002  2.3821565e-002
  4.0000000e+000  2.3489933e-001  3.4730181e-002
  6.0000000e+000  4.8920863e-001  4.2399568e-002
  8.0000000e+000  6.9127517e-001  3.7845838e-002
  1.0000000e+001  8.2733813e-001  3.2057699e-002
  1.2000000e+001  8.9261745e-001  2.5363338e-002
  1.4000000e+001  7.9136691e-001  3.4464592e-002
  1.6000000e+001  5.7046980e-001  4.0552725e-002
  1.8000000e+001  4.1726619e-001  4.1824842e-002
  2.0000000e+001  1.4093960e-001  2.8505931e-002
  2.2000000e+001  4.3165468e-002  1.7237697e-002
  2.4000000e+001  3.3557047e-002  1.4753221e-002
  2.6000000e+001  1.2949640e-001  2.8477820e-002
  2.8000000e+001  3.2214765e-001  3.8282642e-002
  3.0000000e+001  5.6115108e-001  4.2091075e-002
  3.2000000e+001  7.8523490e-001  3.3642520e-002
  3.4000000e+001  9.2805755e-001  2.1916573e-002
  3.6000000e+001  8.5906040e-001  2.8505931e-002
  3.8000000e+001  6.7625899e-001  3.9686974e-002
  4.0000000e+001  5.3020134e-001  4.0886804e-002
  4.2000000e+001  2.0143885e-001  3.4018746e-002
  4.4000000e+001  6.1224490e-002  1.9773557e-002
  4.6000000e+001  7.1942446e-003  7.1683193e-003
  4.8000000e+001  8.1632653e-002  2.2582993e-002
  5.0000000e+001  2.3021583e-001  3.5706286e-002
  5.2000000e+001  4.4217687e-001  4.0962608e-002
  5.4000000e+001  7.1223022e-001  3.8399484e-002
  5.6000000e+001  8.0952381e-001  3.2387431e-002
  5.8000000e+001  9.3525180e-001  2.0872320e-002
  6.0000000e+001  7.7551020e-001  3.4413860e-002
  6.2000000e+001  6.5151515e-001  4.1473171e-002
  6.4000000e+001  3.1060606e-001  4.0276500e-002
  6.6000000e+001  2.1093750e-001  3.6060157e-002
  6.8000000e+001  1.6806723e-002  1.1783858e-002
