rotation=2																								
lateral=3																								
vertical_a=4																								
vertical_b=5																								
vertical_c=6																								
Q17	Q19	Q21	Q23	Q25	Q27	Q29	Q31	Q33	Q35	Q37	Q18	Q20	Q22	Q24	Q26	Q28	Q30	Q32	Q34	Q36	Q38	Q40	Q14
0	1.2	1.2	1.2	-2.5581	-2.5581	-2.5581	1.2	1.2	1.2	0	0	0.3	0.3	0.3	-0.639525	-0.639525	-0.639525	0.3	0.3	0.3	0	0	0
0	7.7	7.7	7.7	-6	-7	-6	7.7	7.7	7.7	0	0	7.7	7.7	7.7	-6	-7	-6	7.7	7.7	7.7	0	0	0
-5.224	-5.224	3	3	-0.7195	-0.7195	-0.7195	3	3	-5.224	-5.224	0	0	0	0	0	0	0	0	0	0	0	0	0
0	0	0	0.56	0.74	1	0.74	0.56	0	0	0	0	0	0	-0.56	-0.74	-1	-0.74	-0.56	0	0	0	0	0
0	0	6.24	-3.05	-0.32	1	-0.32	-3.05	6.24	0	0	0	0	6.24	-3.05	-0.32	1	-0.32	-3.05	6.24	0	0	0	0
0	0	1.35	0.115	-0.95	1	-0.95	0.115	1.35	0	0	0	0	1.35	0.115	-0.95	1	-0.95	0.115	1.35	0	0	0	0
0	0	0.99	0.35	-1	1	-1	0.35	0.99	0	0	0	0	0.99	0.35	-1	1	-1	0.35	0.99	0	0	0	0
